6.664062500000000000e+01
1.297304687500000000e+02
6.664062500000000000e+01
1.504492187500000000e+02
6.767187500000000000e+01
1.746210937500000000e+02
7.179687500000000000e+01
2.005195312500000000e+02
8.107812500000000000e+01
2.160585937500000000e+02
9.345312500000000000e+01
2.298710937500000000e+02
1.058281250000000000e+02
2.402304687500000000e+02
1.212968750000000000e+02
2.436835937500000000e+02
1.357343750000000000e+02
2.436835937500000000e+02
1.501718750000000000e+02
2.436835937500000000e+02
1.615156250000000000e+02
2.367773437500000000e+02
1.707968750000000000e+02
2.246914062500000000e+02
1.790468750000000000e+02
2.074257812500000000e+02
1.852343750000000000e+02
1.884335937500000000e+02
1.893593750000000000e+02
1.677148437500000000e+02
1.903906250000000000e+02
1.452695312500000000e+02
1.903906250000000000e+02
1.245507812500000000e+02
7.695312500000000000e+01
1.245507812500000000e+02
8.623437500000000000e+01
1.133281250000000000e+02
9.654687500000000000e+01
1.107382812500000000e+02
1.084062500000000000e+02
1.107382812500000000e+02
1.182031250000000000e+02
1.124648437500000000e+02
1.460468750000000000e+02
1.098750000000000000e+02
1.553281250000000000e+02
1.081484375000000000e+02
1.656406250000000000e+02
1.055585937500000000e+02
1.759531250000000000e+02
1.055585937500000000e+02
1.852343750000000000e+02
1.141914062500000000e+02
1.336718750000000000e+02
1.262773437500000000e+02
1.347031250000000000e+02
1.435429687500000000e+02
1.357343750000000000e+02
1.590820312500000000e+02
1.367656250000000000e+02
1.763476562500000000e+02
1.182031250000000000e+02
1.780742187500000000e+02
1.264531250000000000e+02
1.815273437500000000e+02
1.357343750000000000e+02
1.849804687500000000e+02
1.439843750000000000e+02
1.815273437500000000e+02
1.512031250000000000e+02
1.780742187500000000e+02
8.932812500000000000e+01
1.297304687500000000e+02
9.448437500000000000e+01
1.245507812500000000e+02
1.089218750000000000e+02
1.228242187500000000e+02
1.151093750000000000e+02
1.297304687500000000e+02
1.078906250000000000e+02
1.314570312500000000e+02
9.448437500000000000e+01
1.331835937500000000e+02
1.481093750000000000e+02
1.280039062500000000e+02
1.563593750000000000e+02
1.193710937500000000e+02
1.697656250000000000e+02
1.210976562500000000e+02
1.759531250000000000e+02
1.262773437500000000e+02
1.697656250000000000e+02
1.297304687500000000e+02
1.573906250000000000e+02
1.297304687500000000e+02
1.047968750000000000e+02
2.005195312500000000e+02
1.182031250000000000e+02
1.987929687500000000e+02
1.305781250000000000e+02
1.987929687500000000e+02
1.347031250000000000e+02
1.987929687500000000e+02
1.398593750000000000e+02
1.970664062500000000e+02
1.512031250000000000e+02
1.987929687500000000e+02
1.615156250000000000e+02
2.005195312500000000e+02
1.532656250000000000e+02
2.074257812500000000e+02
1.450156250000000000e+02
2.143320312500000000e+02
1.357343750000000000e+02
2.160585937500000000e+02
1.254218750000000000e+02
2.143320312500000000e+02
1.151093750000000000e+02
2.074257812500000000e+02
1.058281250000000000e+02
2.005195312500000000e+02
1.212968750000000000e+02
2.039726562500000000e+02
1.357343750000000000e+02
2.056992187500000000e+02
1.481093750000000000e+02
2.039726562500000000e+02
1.594531250000000000e+02
2.005195312500000000e+02
1.481093750000000000e+02
2.022460937500000000e+02
1.357343750000000000e+02
2.056992187500000000e+02
1.212968750000000000e+02
2.039726562500000000e+02
