6.460546875000000000e+01
1.174570312500000000e+02
6.460546875000000000e+01
1.387851562500000000e+02
6.665234375000000000e+01
1.585898437500000000e+02
6.972265625000000000e+01
1.799179687500000000e+02
7.688671875000000000e+01
1.981992187500000000e+02
8.712109375000000000e+01
2.119101562500000000e+02
9.940234375000000000e+01
2.225742187500000000e+02
1.137304687500000000e+02
2.301914062500000000e+02
1.280585937500000000e+02
2.301914062500000000e+02
1.434101562500000000e+02
2.301914062500000000e+02
1.556914062500000000e+02
2.225742187500000000e+02
1.679726562500000000e+02
2.119101562500000000e+02
1.782070312500000000e+02
1.981992187500000000e+02
1.853710937500000000e+02
1.799179687500000000e+02
1.874179687500000000e+02
1.585898437500000000e+02
1.874179687500000000e+02
1.387851562500000000e+02
1.874179687500000000e+02
1.189804687500000000e+02
7.176953125000000000e+01
1.052695312500000000e+02
8.200390625000000000e+01
1.014609375000000000e+02
9.275000000000000000e+01
1.037460937500000000e+02
1.034960937500000000e+02
1.075546875000000000e+02
1.137304687500000000e+02
1.106015625000000000e+02
1.423867187500000000e+02
1.113632812500000000e+02
1.526210937500000000e+02
1.083164062500000000e+02
1.623437500000000000e+02
1.067929687500000000e+02
1.720664062500000000e+02
1.037460937500000000e+02
1.812773437500000000e+02
1.067929687500000000e+02
1.301054687500000000e+02
1.220273437500000000e+02
1.301054687500000000e+02
1.372617187500000000e+02
1.301054687500000000e+02
1.524960937500000000e+02
1.301054687500000000e+02
1.662070312500000000e+02
1.147539062500000000e+02
1.707773437500000000e+02
1.229414062500000000e+02
1.723007812500000000e+02
1.290820312500000000e+02
1.753476562500000000e+02
1.372695312500000000e+02
1.738242187500000000e+02
1.444335937500000000e+02
1.692539062500000000e+02
8.302734375000000000e+01
1.205039062500000000e+02
8.916796875000000000e+01
1.159335937500000000e+02
1.034960937500000000e+02
1.159335937500000000e+02
1.096367187500000000e+02
1.235507812500000000e+02
1.024726562500000000e+02
1.235507812500000000e+02
8.916796875000000000e+01
1.235507812500000000e+02
1.464804687500000000e+02
1.250742187500000000e+02
1.526210937500000000e+02
1.174570312500000000e+02
1.669492187500000000e+02
1.174570312500000000e+02
1.720664062500000000e+02
1.220273437500000000e+02
1.669492187500000000e+02
1.265976562500000000e+02
1.536445312500000000e+02
1.265976562500000000e+02
1.004257812500000000e+02
1.875351562500000000e+02
1.127070312500000000e+02
1.875351562500000000e+02
1.249882812500000000e+02
1.860117187500000000e+02
1.290820312500000000e+02
1.875351562500000000e+02
1.331757812500000000e+02
1.875351562500000000e+02
1.454570312500000000e+02
1.860117187500000000e+02
1.556914062500000000e+02
1.860117187500000000e+02
1.475039062500000000e+02
1.951523437500000000e+02
1.393164062500000000e+02
1.997226562500000000e+02
1.290820312500000000e+02
2.012460937500000000e+02
1.198710937500000000e+02
1.997226562500000000e+02
1.106601562500000000e+02
1.951523437500000000e+02
1.024726562500000000e+02
1.875351562500000000e+02
1.157773437500000000e+02
1.905820312500000000e+02
1.290820312500000000e+02
1.921054687500000000e+02
1.423867187500000000e+02
1.905820312500000000e+02
1.546679687500000000e+02
1.875351562500000000e+02
1.423867187500000000e+02
1.905820312500000000e+02
1.290820312500000000e+02
1.921054687500000000e+02
1.157773437500000000e+02
1.905820312500000000e+02
